-7.164564205199219771e-02
-6.486586233333071494e-01
1.865057138905217293e-01
-8.388264212238571993e-02
7.045310540929556886e-01
-1.628750221955885813e-01
-8.812458040405080073e-01
-7.841336503508939959e-01
9.180733737997675004e-01
3.905365689647064542e-01
7.849745749272780682e-01
-5.575397381180888789e-01
-6.556140717840464038e-01
-7.837830247873709411e-01
9.111289088334031394e-01
8.181633869067121978e-01
1.227552312735702422e-02
4.663932843060027977e-01
-1.173914715844011081e-01
1.433167651959474931e-01
1.509799475930824197e-01
9.598789994166274653e-01
5.046186540501318429e-01
-5.063217980183287725e-01
6.452491623648162200e-01
-6.077773927669389842e-01
-5.229141881383840840e-01
7.547568413856589054e-01
1.252377889620741591e-01
1.347104729696808612e-01
4.665209378166086385e-01
-2.054290404671970105e-01
7.107856674997523605e-01
4.227379963763111537e-01
-2.534036245336308557e-01
3.364293942592004871e-01
-8.303576303797162161e-01
-2.249323780495857683e-01
2.382211364518727059e-01
6.049878956410401631e-01
9.367999326418388062e-01
-6.528495402552993987e-01
6.123398024247563853e-01
-6.927404371031222752e-01
1.584483742217968061e-01
5.566296023385304270e-01
8.589757917170868229e-01
6.379131046204125077e-01
2.508983762563277153e-02
-6.358817429350613892e-01
8.680343634256633134e-01
-8.739111001767789766e-01
1.484483342891123048e-01
-2.981174132741180038e-01
2.935184411052003117e-01
3.438464571614301413e-01
7.537150459634878175e-01
-7.790744813036871719e-01
2.704524205866531972e-03
-8.138365795302302530e-01
6.579724380072000667e-01
7.023177182425688336e-02
-6.068667313981872535e-01
5.783673462695937406e-01
1.135009772760662283e-01
5.275054154370444337e-01
-6.870083793589696342e-01
6.943120037111363274e-01
8.009238861403673582e-01
-5.515059686663472682e-01
7.045572078969541963e-02
-6.117312119617734911e-01
-2.310642100385347231e-01
-9.887279349644928494e-01
-1.410778545900481795e-01
4.476703999321038907e-01
3.820313646994912826e-01
6.944263907466956542e-01
-9.461657102731240165e-01
2.327044236697852764e-01
-2.374336954975235781e-01
-5.597052346944029200e-01
6.232705713659976166e-01
-6.218178042922546389e-01
-6.171513746516317234e-01
-9.257809251376487580e-01
8.216967762052669322e-01
-1.663650597909238638e-01
-2.456071235338250780e-01
6.426083172522556453e-01
-3.959117591765519695e-01
5.716233775598591471e-01
5.717524145634438337e-01
-7.570908278103813949e-01
-6.909916980566466194e-01
3.350614909353200055e-02
9.074560603626067312e-01
-8.414310623886787077e-01
-8.804612521157619831e-01
9.072097162808872017e-01
5.584702811145314527e-01
-2.962514243292473370e-01
-2.260123716383253267e-01
-5.372438929842475730e-01
-2.815401290255450384e-01
-6.405850385484905818e-01
-2.223342129460657013e-01
-1.154799898530836089e-01
-2.660094298978055161e-01
4.077795297378665751e-01
6.185853899530893152e-01
7.800211932614269372e-01
-7.194231516600018139e-01
1.833775594261328745e-01
-7.643522117350975975e-05
-1.188349150155285638e-01
-6.528976059088424932e-01
8.768135371510379361e-01
3.607542222369382046e-01
4.160533495549409988e-01
-1.454521613988160045e-01
8.358121770774262771e-02
-3.680903359652432094e-01
-4.973078830498258718e-01
-4.990451236501625143e-01
-5.306673618391182234e-01
9.458604965305870138e-01
7.588473236217787576e-01
-3.846714581250203491e-01
-8.303235518644291879e-01
2.691973457650829182e-01
9.973366471588818172e-02
8.216237494870619607e-01
9.834611515178204311e-01
9.224121041753534644e-01
6.088969131832031589e-01
-7.764311183116987536e-01
-8.942266864590719955e-02
4.642854380681511461e-01
-9.935267540098000616e-01
-7.623893636246852346e-01
-7.679776632103127998e-01
1.227229615839868782e-01
-5.079177897891933302e-01
-8.379159477946984680e-04
-2.704666540920819262e-01
4.955440440788263512e-01
-5.687184574014307881e-01
-7.497846948737942885e-01
8.770200679996191795e-01
5.202941859819127934e-01
4.031218576151809341e-01
-6.716226061924794877e-01
-4.328522182989362754e-01
-7.564438153500874229e-02
-4.776952243977805601e-02
6.598451859570007016e-01
8.615298158284627750e-01
-3.314094410465355800e-01
1.267642745132708804e-01
4.868383978252823763e-01
-9.582868566428666135e-01
1.779612865534578869e-01
-4.173501056055703984e-01
-6.589836871267900076e-01
-8.423303168533122776e-01
8.023911555421934239e-01
-6.244817193291778423e-01
8.819127768659933420e-01
-8.261808870021305484e-01
6.141769289966396705e-01
-2.723324705629286413e-01
5.174845444792097737e-01
8.822485292095794129e-02
-6.493017498413677924e-01
3.643242992137873948e-01
-3.586423126570226216e-02
-4.016200532706082349e-01
6.752178828578769831e-01
-3.083185167476574229e-01
-5.848500012432948925e-01
9.132200920678743561e-01
2.494733467242082892e-01
-5.685344514540695560e-01
2.950162363624531103e-01
6.338156694068346475e-01
6.543822424022516238e-01
4.637560026240714617e-01
3.319100477221708090e-01
3.545206080888041456e-02
8.711863074546264407e-01
3.050732370203417254e-01
4.899569954204037181e-01
-2.672863442176123261e-01
-7.339550726883838916e-01
5.472747019527264278e-01
-3.646278239285456468e-01
7.538070061018784518e-01
-7.840262005599452078e-01
6.767084952723130264e-01
9.540053433414708017e-01
-4.901750983737955814e-01
-5.062830533125106669e-01
4.663459723955298841e-02
8.494063129149267422e-01
5.642901812243756865e-01
2.779090131966110988e-02
-4.081098248531622730e-02
9.161807307547997770e-01
2.676026261809771878e-01
-3.123487400263458280e-01
3.311027070094976210e-01
5.817816003700273519e-01
1.931059688046090628e-01
7.943035706467216350e-01
-2.906254602003022214e-02
-9.113588384885826787e-01
-5.306224146835054611e-01
-5.529985897761633407e-01
-7.199276179290927669e-01
3.424956370600455990e-01
2.910799735493965201e-01
4.839600704062545500e-01
8.249430743947816502e-01
-9.768704507512377955e-01
6.219649327767624580e-01
-5.894302319476734109e-01
-8.997174568032129116e-01
-4.787610189952384854e-01
8.637349657850661444e-01
-4.359190649303128495e-01
-7.626725104439715519e-01
2.080754450435926550e-01
5.375700426858192049e-01
8.088424519027905824e-01
-9.687381873585390046e-01
2.484664435221144441e-01
7.692564604382203797e-01
-4.416801967250467698e-01
-7.125568841930232100e-01
-3.328204150118785343e-01
-1.133684873709059904e-01
-5.731154482133733463e-01
2.040721152353097700e-01
6.932686388264142074e-02
-7.266765537133819119e-01
-4.506102389823114507e-01
6.435672296735963638e-01
5.355205553756134940e-01
3.813043087198368930e-01
8.795608608253564498e-01
-2.553107844881996602e-01
-4.886184634210228861e-01
5.770899899255006460e-01
2.256123951047839249e-01
2.625805885688106134e-01
7.217077689418467390e-01
3.556036055595752643e-01
-1.411447599969393174e-01
-9.703912295073882088e-01
-6.982143076370246337e-01
5.497546635426187045e-01
5.740940415462483237e-01
6.237486792029443006e-01
5.101512044359761688e-01
